 -5.3120000e-001
  1.5000000e-002
  4.3500000e-002
 -1.2180000e-001
  1.3790000e-001
  1.5900000e-002
  4.2600000e-002
  1.0910000e-001
  1.1480000e-001
 -1.6600000e-002
 -7.8000000e-003
  6.7400000e-002
  6.0700000e-002
  5.9700000e-002
  9.7100000e-002
  3.0130000e-001
  7.8300000e-002
 -6.0900000e-002
  1.1430000e-001
  1.1930000e-001
  7.7400000e-002
  1.8240000e-001
  6.1900000e-002
  7.8500000e-002
 -3.4400000e-002
 -1.8640000e-001
 -6.7000000e-003
 -1.4740000e-001
 -4.0000000e-002
 -3.8500000e-002
  2.1860000e-001
 -2.9000000e-003
  6.5000000e-003
 -2.2720000e-001
  1.3580000e-001
  1.4720000e-001
 -4.9000000e-002
 -1.3420000e-001
  4.0500000e-002
  9.3600000e-002
  8.9700000e-002
  1.0340000e-001
 -5.4400000e-002
 -1.8700000e-002
  3.8900000e-002
  8.3500000e-002
  2.4040000e-001
 -1.3170000e-001
 -1.1560000e-001
  9.8100000e-002
  1.0000000e-003
 -2.4570000e-001
 -4.2700000e-002
 -2.8600000e-002
 -1.7690000e-001
 -2.3740000e-001
  2.0200000e-002
 -5.3000000e-003
 -1.4000000e-003
  1.5630000e-001
 -1.1940000e-001
  1.2200000e-002
  1.3000000e-003
 -4.4300000e-002
  1.4460000e-001
  2.5760000e-001
  1.2140000e-001
  1.4680000e-001
 -1.1860000e-001
  1.2780000e-001
  1.6230000e-001
  4.5700000e-002
  1.2770000e-001
  1.2650000e-001
  5.6100000e-002
  9.1800000e-002
  5.0800000e-002
  1.2460000e-001
 -6.7300000e-002
  2.7000000e-003
  1.1880000e-001
  8.1000000e-002
  3.5800000e-002
  1.4900000e-002
  1.0290000e-001
  1.4280000e-001
  2.7100000e-002
  1.2630000e-001
  1.6450000e-001
 -1.5100000e-001
  6.0700000e-002
 -1.0360000e-001
  1.6210000e-001
  2.4510000e-001
  1.2200000e-001
 -1.3890000e-001
  6.1300000e-002
 -3.4000000e-002
 -2.2000000e-002
 -4.5800000e-002
  1.4950000e-001
  7.8800000e-002
  1.1800000e-001
 -1.5820000e-001
 -2.2100000e-001
 -1.0540000e-001
 -2.0300000e-002
  2.0310000e-001
  2.3100000e-002
  2.1850000e-001
  1.7210000e-001
  8.6700000e-002
  3.5000000e-003
 -6.2600000e-002
  1.5080000e-001
  2.1980000e-001
  1.1080000e-001
 -1.6590000e-001
  1.0560000e-001
  8.9600000e-002
  1.2920000e-001
 -1.5040000e-001
 -1.2000000e-003
  7.3500000e-002
 -4.7500000e-002
 -1.1400000e-001
 -1.1790000e-001
  1.8850000e-001
  1.6290000e-001
  2.6300000e-002
  5.5300000e-002
  1.4500000e-001
  1.7500000e-002
  2.5500000e-002
  3.7300000e-002
  1.3500000e-001
 -1.2390000e-001
  2.0400000e-002
  5.8140000e-001
  2.3000000e-003
  1.3300000e-002
  9.7700000e-002
  4.0000000e-002
  2.7800000e-002
  8.2200000e-002
  1.2900000e-002
  4.3800000e-002
  1.3340000e-001
 -1.9900000e-001
  2.3000000e-002
  2.1970000e-001
 -7.1000000e-003
  1.4230000e-001
  1.8000000e-001
 -1.3830000e-001
 -1.0200000e-002
 -1.2900000e-002
  1.6990000e-001
 -2.0200000e-002
 -3.8680000e-001
  2.4830000e-001
  7.6300000e-002
  1.2480000e-001
 -3.1940000e-001
 -3.6870000e-001
 -2.6410000e-001
 -3.2630000e-001
 -4.4510000e-001
 -4.2710000e-001
 -3.9790000e-001
 -4.1610000e-001
 -2.8020000e-001
 -1.3490000e-001
 -2.0150000e-001
 -2.4500000e-002
 -6.7300000e-002
 -3.4390000e-001
 -2.0660000e-001
 -3.1240000e-001
 -1.1680000e-001
 -6.9300000e-002
 -1.8860000e-001
 -3.4200000e-002
 -6.3700000e-002
 -2.0660000e-001
 -1.3540000e-001
  4.2200000e-002
 -2.8240000e-001
 -1.4880000e-001
 -1.2700000e-002
  4.8200000e-002
 -4.0460000e-001
 -3.4950000e-001
 -3.3900000e-001
 -4.4060000e-001
 -4.3030000e-001
 -2.3870000e-001
 -3.3630000e-001
 -3.4730000e-001
 -1.8480000e-001
 -3.5360000e-001
 -2.9500000e-001
 -4.6580000e-001
 -2.8000000e-001
  1.2460000e-001
 -6.8400000e-002
 -9.8800000e-002
  2.4600000e-002
  2.9500000e-002
  6.3400000e-002
  6.9200000e-002
  7.9300000e-002
 -1.3950000e-001
 -6.0700000e-002
  1.6700000e-002
 -3.6700000e-002
 -6.3500000e-002
  6.3000000e-002
 -6.4800000e-002
 -1.2130000e-001
  1.9210000e-001
  1.2400000e-002
 -4.0330000e-001
  1.5180000e-001
  7.7500000e-002
  1.1460000e-001
  1.2970000e-001
  1.8200000e-001
  8.0400000e-002
  1.8290000e-001
  1.0490000e-001
 -2.9220000e-001
  8.4200000e-002
 -1.6000000e-003
 -1.1600000e-002
  1.2240000e-001
  1.6300000e-001
  9.4700000e-002
  1.2210000e-001
  1.1450000e-001
  1.9510000e-001
 -1.7210000e-001
  1.8730000e-001
  3.9700000e-002
  6.4000000e-002
 -4.3500000e-002
 -4.5480000e-001
 -3.9040000e-001
 -4.1380000e-001
 -4.9940000e-001
 -4.9900000e-001
 -5.2000000e-001
 -3.8420000e-001
 -3.3990000e-001
 -3.1240000e-001
 -4.9320000e-001
 -4.6920000e-001
 -5.4900000e-001
 -4.3700000e-001
 -3.9770000e-001
 -4.8150000e-001
 -2.9460000e-001
 -3.7860000e-001
 -5.7810000e-001
 -3.1130000e-001
 -3.0670000e-001
 -3.5860000e-001
 -4.6320000e-001
 -2.4420000e-001
 -4.6950000e-001
 -1.2980000e-001
  1.3600000e-001
  1.3560000e-001
  1.5800000e-002
  1.0770000e-001
  2.6100000e-002
  6.2700000e-002
  1.9900000e-002
  2.8700000e-002
  3.1400000e-002
 -5.7000000e-002
 -3.0300000e-002
  2.3800000e-002
  1.3630000e-001
 -3.5300000e-002
 -7.1000000e-002
  1.4020000e-001
 -1.2580000e-001
  8.7300000e-002
  1.4560000e-001
  7.4000000e-003
  9.9300000e-002
 -1.1100000e-002
  9.1400000e-002
  9.5700000e-002
  7.4700000e-002
 -3.4400000e-002
  1.2490000e-001
  9.5000000e-002
  1.3790000e-001
  1.4300000e-002
 -4.1000000e-002
  1.1980000e-001
 -9.8900000e-002
 -1.5930000e-001
  6.9000000e-003
  4.8100000e-002
  1.0670000e-001
  3.3000000e-003
 -3.9200000e-002
 -5.7900000e-002
 -6.4300000e-002
 -7.3700000e-002
  3.5700000e-002
 -4.6900000e-002
 -1.2330000e-001
 -1.0140000e-001
  2.0000000e-002
  1.1030000e-001
  6.7200000e-002
  5.9700000e-002
  9.3000000e-002
  1.9170000e-001
 -6.6100000e-002
 -1.6000000e-001
 -7.0100000e-002
 -8.5700000e-002
  7.8600000e-002
 -5.2500000e-002
  1.2540000e-001
  4.4200000e-002
  1.9700000e-002
 -1.3600000e-002
 -1.1780000e-001
  6.0600000e-002
 -1.8900000e-002
 -1.7400000e-002
 -9.7900000e-002
  1.2100000e-002
 -6.1000000e-003
 -1.4770000e-001
 -1.6690000e-001
 -1.6830000e-001
  8.7100000e-002
 -9.3000000e-003
  1.1740000e-001
 -9.2500000e-002
 -1.1800000e-002
  1.4000000e-002
 -1.2620000e-001
  1.9600000e-002
  5.4400000e-002
 -1.0690000e-001
  8.7300000e-002
 -4.1600000e-002
  1.7920000e-001
 -5.1500000e-002
  3.1100000e-002
 -1.9300000e-002
  1.2200000e-001
 -6.2000000e-002
  1.2260000e-001
 -2.0530000e-001
  1.3590000e-001
 -2.0120000e-001
 -1.0060000e-001
 -7.9500000e-002
 -9.4400000e-002
 -9.1900000e-002
 -1.7710000e-001
 -1.0410000e-001
 -1.6800000e-002
 -2.3080000e-001
 -3.0500000e-002
 -2.0680000e-001
 -2.5770000e-001
 -8.5000000e-002
 -3.0000000e-002
  3.6800000e-002
  8.9400000e-002
  7.9700000e-002
 -7.8800000e-002
 -3.9300000e-002
 -2.0700000e-002
  1.3440000e-001
 -2.9000000e-003
 -4.4100000e-002
  8.8800000e-002
 -3.2600000e-002
 -1.0980000e-001
 -1.2410000e-001
 -7.4000000e-003
 -7.8700000e-002
 -7.5700000e-002
 -1.5460000e-001
 -7.6600000e-002
 -7.9900000e-002
 -9.4100000e-002
  2.4530000e-001
  8.2600000e-002
 -1.6400000e-001
 -1.8300000e-001
 -1.2380000e-001
  9.1800000e-002
  1.2300000e-002
 -3.8900000e-002
 -5.6900000e-002
  1.6390000e-001
 -1.6600000e-002
 -1.5670000e-001
 -1.0650000e-001
 -2.9600000e-002
 -9.0100000e-002
  5.0500000e-002
  2.1200000e-002
  1.5380000e-001
  1.5170000e-001
 -2.2240000e-001
 -4.8100000e-002
 -7.4500000e-002
  2.1720000e-001
 -8.4100000e-002
 -7.7800000e-002
  5.2000000e-002
 -1.8570000e-001
  1.2670000e-001
  3.1900000e-002
 -1.0150000e-001
 -1.0470000e-001
  3.0100000e-002
  3.2000000e-002
 -8.0500000e-002
 -1.3520000e-001
 -2.5710000e-001
  9.4700000e-002
 -1.0280000e-001
 -1.1790000e-001
 -3.0860000e-001
 -2.4960000e-001
  1.3980000e-001
 -8.5700000e-002
  3.1560000e-001
 -1.0340000e-001
 -1.4600000e-002
  5.6800000e-002
  5.7700000e-002
  7.7700000e-002
 -1.9000000e-002
  2.8700000e-002
  1.3000000e-002
  2.6400000e-002
 -1.0520000e-001
  5.6400000e-002
 -1.3020000e-001
 -3.2800000e-002
  4.3480000e-001
  4.8000000e-001
  3.2980000e-001
  3.5060000e-001
  6.6020000e-001
  3.2880000e-001
  2.3350000e-001
  2.6690000e-001
  3.4870000e-001
  2.7720000e-001
  3.5310000e-001
  4.3590000e-001
  2.9650000e-001
  4.4070000e-001
  5.1740000e-001
  1.6750000e-001
  1.2340000e-001
  2.8980000e-001
  3.1950000e-001
  1.7400000e-001
  4.3850000e-001
  3.4770000e-001
  3.7640000e-001
  4.5280000e-001
 -5.5000000e-002
  4.6760000e-001
  2.4490000e-001
 -3.5400000e-002
  2.5990000e-001
  6.1300000e-002
  4.7200000e-002
 -4.8100000e-002
 -7.6200000e-002
  4.8700000e-002
 -4.1600000e-002
  8.8700000e-002
  2.7700000e-002
  1.4400000e-001
  7.7500000e-002
  1.6970000e-001
 -4.9000000e-003
  4.0400000e-002
 -8.7200000e-002
  5.0300000e-002
 -5.8300000e-002
 -1.9200000e-002
 -5.5200000e-002
  1.3200000e-002
  1.2990000e-001
  1.3240000e-001
  2.2940000e-001
  1.9400000e-001
  2.7580000e-001
 -1.9500000e-002
  3.4000000e-003
  5.6600000e-002
  3.6500000e-002
  4.5000000e-003
 -5.1000000e-002
 -1.9800000e-002
  2.5520000e-001
 -1.0360000e-001
  1.5570000e-001
 -1.5590000e-001
  4.0300000e-002
  1.8870000e-001
  2.3280000e-001
 -2.6000000e-002
  2.0630000e-001
  7.0600000e-002
  1.0870000e-001
  7.9600000e-002
  1.2520000e-001
  9.6100000e-002
  2.3910000e-001
  1.7560000e-001
  1.7300000e-001
  1.5980000e-001
 -1.7040000e-001
 -7.9000000e-003
  3.0540000e-001
 -3.4800000e-002
  1.6310000e-001
 -9.4000000e-003
  2.1000000e-003
  2.2800000e-002
 -9.3100000e-002
  9.1000000e-003
 -3.1200000e-002
  1.6920000e-001
  4.6000000e-003
  1.6070000e-001
 -1.1070000e-001
 -9.7400000e-002
 -4.7100000e-002
 -7.4300000e-002
 -1.6200000e-002
  7.9600000e-002
  3.2750000e-001
  4.7010000e-001
 -5.4200000e-002
  2.3130000e-001
  2.1350000e-001
  3.2840000e-001
  1.5280000e-001
  6.5100000e-002
  1.2490000e-001
  9.1400000e-002
  1.2640000e-001
  5.0170000e-001
  6.2510000e-001
  6.0570000e-001
  5.9640000e-001
  4.9500000e-001
  5.5960000e-001
  6.2600000e-001
  5.5360000e-001
  6.0370000e-001
  5.5730000e-001
  5.8680000e-001
  3.7560000e-001
  5.0840000e-001
  2.8000000e-001
  6.7560000e-001
  5.1810000e-001
  4.1060000e-001
  3.8860000e-001
  6.9260000e-001
  2.4820000e-001
  4.5150000e-001
  1.3590000e-001
  5.0200000e-001
  3.8160000e-001
  5.3840000e-001
  6.0340000e-001
  7.7920000e-001
  5.6920000e-001
  1.2409000e+000
  1.0392000e+000
  1.2086000e+000
  1.2068000e+000
  1.1792000e+000
  5.9310000e-001
  4.4020000e-001
  8.8540000e-001
  1.0820000e+000
  1.0522000e+000
  5.5740000e-001
  5.4010000e-001
  6.1710000e-001
  5.4730000e-001
  2.4660000e-001
  3.4410000e-001
  7.1090000e-001
  3.0080000e-001
  9.4400000e-002
  1.6940000e-001
  3.1520000e-001
  1.3540000e-001
  3.6700000e-001
  1.8220000e-001
  3.4290000e-001
  3.6970000e-001
 -2.5020000e-001
 -3.9670000e-001
 -3.0120000e-001
 -4.8580000e-001
 -3.6860000e-001
 -3.9470000e-001
 -3.3620000e-001
 -3.6090000e-001
 -5.6700000e-001
 -4.6850000e-001
 -3.5190000e-001
 -2.8810000e-001
 -4.2630000e-001
 -3.2620000e-001
 -4.1090000e-001
 -1.5920000e-001
 -3.8960000e-001
 -3.9100000e-001
 -4.2940000e-001
 -6.4620000e-001
 -4.2950000e-001
 -4.2150000e-001
 -3.6220000e-001
 -3.6570000e-001
 -5.3370000e-001
 -4.2780000e-001
 -3.2270000e-001
 -6.2830000e-001
  5.4900000e-002
 -3.2530000e-001
 -3.7820000e-001
 -9.9960000e-001
  6.2800000e-002
  1.5090000e-001
  8.1000000e-003
  1.2170000e-001
  3.3870000e-001
  1.6200000e-002
  2.4810000e-001
  4.9300000e-002
  3.2300000e-002
  1.3660000e-001
 -3.8500000e-002
  1.3510000e-001
  1.0140000e-001
  5.9000000e-002
  1.0650000e-001
 -1.9280000e-001
 -6.8500000e-002
  3.6000000e-003
  9.0000000e-004
 -2.3890000e-001
  5.8700000e-002
  1.4120000e-001
  2.6400000e-002
 -6.5100000e-002
 -1.6850000e-001
  4.4200000e-002
  1.7620000e-001
  1.1700000e-001
  1.0290000e-001
 -4.2100000e-002
  5.8190000e-001
  5.2300000e-002
  2.2300000e-001
  1.1360000e-001
  1.1380000e-001
  1.8870000e-001
  5.3000000e-003
  8.8800000e-002
  1.7550000e-001
  1.8730000e-001
  3.3100000e-002
  1.4000000e-003
  1.4060000e-001
  3.9900000e-002
  1.3200000e-002
 -2.8200000e-002
  2.4410000e-001
 -1.8420000e-001
  1.8650000e-001
 -1.5000000e-002
  1.1810000e-001
  1.4340000e-001
  2.8600000e-002
  8.8900000e-002
  1.8260000e-001
 -1.4860000e-001
  1.0920000e-001
  2.5700000e-001
 -3.3200000e-002
  1.3390000e-001
  7.2300000e-002
  1.4420000e-001
  1.8690000e-001
  9.9100000e-002
  1.5030000e-001
  1.2100000e-002
 -5.5000000e-002
 -6.2000000e-003
  1.8060000e-001
  3.5200000e-002
 -7.3200000e-002
  1.5720000e-001
  1.1910000e-001
  3.2800000e-002
  3.2810000e-001
  3.0300000e-001
 -5.3700000e-002
 -2.6900000e-002
  9.0000000e-002
  2.2340000e-001
  7.2900000e-002
  2.3870000e-001
  2.1800000e-001
  1.2400000e-002
 -3.5900000e-002
  6.1700000e-002
  1.3350000e-001
  7.9600000e-002
  1.1600000e-001
 -1.9400000e-002
  2.2700000e-002
  1.5680000e-001
  1.4000000e-003
  8.9900000e-002
 -1.5196000e+000
 -2.0220000e-001
  1.8120000e-001
 -3.2800000e-002
  5.7600000e-002
  4.3800000e-002
  1.0680000e-001
 -1.9390000e-001
  2.9200000e-002
 -9.4100000e-002
 -2.5100000e-002
 -2.8600000e-002
  7.4000000e-003
  1.4210000e-001
  3.5900000e-002
 -9.4100000e-002
 -1.4640000e-001
 -9.2000000e-002
  2.5130000e-001
  4.5400000e-002
 -9.3700000e-002
  1.0070000e-001
  1.0210000e-001
  4.9400000e-002
 -1.0720000e-001
  3.5800000e-002
  1.0360000e-001
 -4.6700000e-002
  6.0000000e-003
  6.4000000e-002
 -5.1100000e-002
 -1.7050000e-001
  1.5050000e-001
 -4.9400000e-002
 -1.4230000e-001
 -2.8600000e-002
 -1.0500000e-002
  4.2300000e-002
 -1.9300000e-002
  4.1520000e-001
 -4.6400000e-002
 -1.8400000e-002
  6.4000000e-002
  1.5500000e-002
  2.3300000e-002
  1.3430000e-001
  5.9100000e-002
 -6.1300000e-002
  1.3900000e-001
  2.9180000e-001
 -5.2200000e-002
 -1.3600000e-001
 -2.2780000e-001
  4.4200000e-002
  1.1440000e-001
  9.4100000e-002
  7.5600000e-002
  1.6000000e-001
  4.3300000e-002
  2.1650000e-001
  2.8520000e-001
  3.0250000e-001
  2.3600000e-001
 -8.3000000e-003
  2.8520000e-001
  2.4600000e-002
  2.8040000e-001
  2.7620000e-001
  3.1920000e-001
  1.9420000e-001
  3.4880000e-001
  6.8700000e-002
 -3.6900000e-002
  2.9390000e-001
  3.5340000e-001
  1.8300000e-001
  3.8030000e-001
  1.6440000e-001
  3.1440000e-001
  3.3700000e-001
  1.6070000e-001
  4.4180000e-001
  5.1250000e-001
  3.3400000e-001
  3.2680000e-001
  5.3490000e-001
  4.7490000e-001
  7.3600000e-002
  4.0030000e-001
 -3.8240000e-001
 -4.3610000e-001
 -2.0490000e-001
 -5.1480000e-001
 -4.8990000e-001
 -4.0170000e-001
 -3.7540000e-001
 -5.4640000e-001
  2.0880000e-001
 -4.1020000e-001
 -4.6780000e-001
 -3.3000000e-001
 -4.5060000e-001
 -3.5210000e-001
 -4.5110000e-001
 -4.1530000e-001
 -3.3660000e-001
 -3.1360000e-001
 -4.7750000e-001
 -4.6190000e-001
 -6.2270000e-001
 -3.1990000e-001
 -4.5080000e-001
 -5.6330000e-001
 -4.5360000e-001
 -5.1570000e-001
 -3.0050000e-001
 -3.2840000e-001
 -4.9740000e-001
 -4.5540000e-001
 -3.3170000e-001
 -3.7050000e-001
 -5.0620000e-001
 -2.1150000e-001
 -2.3410000e-001
 -3.7560000e-001
 -2.9440000e-001
 -3.3410000e-001
 -3.8430000e-001
 -2.6100000e-001
 -3.5740000e-001
 -4.3120000e-001
 -4.3510000e-001
 -4.0490000e-001
 -3.5750000e-001
 -3.2440000e-001
 -3.7110000e-001
 -4.3300000e-001
 -3.3050000e-001
 -3.7500000e-001
 -4.0940000e-001
 -4.3150000e-001
 -3.4350000e-001
 -3.3390000e-001
 -4.9640000e-001
 -4.7970000e-001
 -4.4900000e-001
 -2.8160000e-001
 -3.8610000e-001
 -2.9090000e-001
 -3.7440000e-001
 -4.0070000e-001
 -4.7460000e-001
 -3.8010000e-001
 -3.2250000e-001
 -5.0110000e-001
 -3.0600000e-001
 -3.1010000e-001
 -2.6780000e-001
 -4.3260000e-001
 -3.8970000e-001
 -3.2720000e-001
 -3.7400000e-001
 -4.9660000e-001
 -4.2470000e-001
 -3.2720000e-001
 -2.8070000e-001
 -1.4890000e-001
 -2.4650000e-001
 -3.1460000e-001
 -2.9250000e-001
 -3.1290000e-001
 -4.2130000e-001
 -1.8130000e-001
 -3.2110000e-001
 -4.4510000e-001
 -2.1690000e-001
 -4.2470000e-001
 -1.8230000e-001
 -4.4270000e-001
 -4.8140000e-001
 -3.5460000e-001
 -3.1290000e-001
 -3.6250000e-001
 -4.4730000e-001
 -3.3560000e-001
 -3.7000000e-001
 -4.2460000e-001
 -4.6910000e-001
 -4.1480000e-001
 -3.9800000e-001
 -5.0820000e-001
 -5.7250000e-001
 -6.7900000e-001
 -2.0510000e-001
 -5.2070000e-001
 -1.9470000e-001
 -2.1910000e-001
 -2.1530000e-001
 -6.7700000e-002
 -1.5200000e-001
 -1.5820000e-001
 -2.1120000e-001
 -1.4970000e-001
 -9.0400000e-002
 -8.8400000e-002
 -3.1320000e-001
 -2.0380000e-001
 -2.6950000e-001
 -1.9730000e-001
 -9.5000000e-002
 -1.0000000e-002
 -1.0300000e-001
 -2.5100000e-002
  3.5410000e-001
  1.2010000e-001
  1.8310000e-001
  1.6110000e-001
  5.7700000e-002
 -1.0921000e+000
 -1.1495000e+000
 -1.0700000e-001
  2.4090000e-001
  3.3690000e-001
 -1.3000000e-002
  1.7900000e-001
 -1.2557000e+000
  2.4290000e-001
  2.8780000e-001
  2.5000000e-001
  2.6460000e-001
  2.4620000e-001
  2.4710000e-001
  3.0410000e-001
  2.0700000e-001
  3.1080000e-001
  3.0200000e-001
  3.9070000e-001
  2.5850000e-001
  1.7310000e-001
  2.1420000e-001
  2.6960000e-001
  1.7800000e-001
  7.6100000e-002
  1.4300000e-001
  1.8280000e-001
  1.1670000e-001
  5.4500000e-002
 -7.2600000e-002
  8.7500000e-002
 -1.1347000e+000
 -1.0636000e+000
 -1.0577000e+000
 -1.2423000e+000
 -1.0116000e+000
 -1.0659000e+000
 -9.6820000e-001
